ID HLA_A*01 HLA_A*01:01 HLA_A*01:02 HLA_A*01:136 HLA_A*02 HLA_A*02:01 HLA_A*02:02 HLA_A*02:03 HLA_A*02:04 HLA_A*02:05 HLA_A*02:06 HLA_A*02:07 HLA_A*02:10 HLA_A*02:11 HLA_A*02:135 HLA_A*02:17 HLA_A*02:195 HLA_A*02:20 HLA_A*02:22 HLA_A*02:279 HLA_A*02:55 HLA_A*02:56 HLA_A*02:60 HLA_A*02:76 HLA_A*02:87 HLA_A*03 HLA_A*03:01 HLA_A*03:02 HLA_A*03:36N HLA_A*03:89 HLA_A*11 HLA_A*11:01 HLA_A*11:02 HLA_A*11:32 HLA_A*11:50Q HLA_A*23 HLA_A*23:01 HLA_A*23:15 HLA_A*24 HLA_A*24:02 HLA_A*24:03 HLA_A*24:07 HLA_A*24:10 HLA_A*24:17 HLA_A*24:20 HLA_A*24:23 HLA_A*24:25 HLA_A*24:86N HLA_A*24:89 HLA_A*25 HLA_A*25:01 HLA_A*26 HLA_A*26:01 HLA_A*26:02 HLA_A*26:03 HLA_A*26:08 HLA_A*26:12 HLA_A*29 HLA_A*29:01 HLA_A*29:02 HLA_A*30 HLA_A*30:01 HLA_A*30:02 HLA_A*30:03 HLA_A*30:04 HLA_A*30:09 HLA_A*30:11 HLA_A*31 HLA_A*31:01 HLA_A*31:04 HLA_A*31:09 HLA_A*31:10 HLA_A*32 HLA_A*32:01 HLA_A*32:04 HLA_A*33 HLA_A*33:01 HLA_A*33:03 HLA_A*33:05 HLA_A*33:06 HLA_A*34 HLA_A*34:01 HLA_A*34:02 HLA_A*36 HLA_A*36:01 HLA_A*66 HLA_A*66:01 HLA_A*66:02 HLA_A*66:03 HLA_A*68 HLA_A*68:01 HLA_A*68:02 HLA_A*68:03 HLA_A*68:15 HLA_A*68:18N HLA_A*69 HLA_A*69:01 HLA_A*74 HLA_A*74:01 HLA_A*74:03 HLA_A*74:09 HLA_A*74:11 HLA_A*80 HLA_A*80:01 HLA_C*01 HLA_C*01:02 HLA_C*01:03 HLA_C*02 HLA_C*02:02 HLA_C*02:10 HLA_C*02:14 HLA_C*03 HLA_C*03:02 HLA_C*03:03 HLA_C*03:04 HLA_C*03:05 HLA_C*03:06 HLA_C*04 HLA_C*04:01 HLA_C*04:03 HLA_C*04:04 HLA_C*04:07 HLA_C*04:13 HLA_C*04:42 HLA_C*05 HLA_C*05:01 HLA_C*05:09 HLA_C*06 HLA_C*06:02 HLA_C*07 HLA_C*07:01 HLA_C*07:02 HLA_C*07:04 HLA_C*07:05 HLA_C*07:26 HLA_C*07:35 HLA_C*07:96 HLA_C*08 HLA_C*08:01 HLA_C*08:02 HLA_C*08:03 HLA_C*08:04 HLA_C*12 HLA_C*12:02 HLA_C*12:03 HLA_C*12:04 HLA_C*14 HLA_C*14:02 HLA_C*14:03 HLA_C*15 HLA_C*15:02 HLA_C*15:04 HLA_C*15:05 HLA_C*15:06 HLA_C*15:09 HLA_C*16 HLA_C*16:01 HLA_C*16:02 HLA_C*16:04 HLA_C*17 HLA_C*17:01 HLA_C*18 HLA_C*18:01 AA_C_80_31239408_exon2_K AA_C_80_31239408_exon2_N HLA_B*07 HLA_B*07:02 HLA_B*07:04 HLA_B*07:05 HLA_B*07:09 HLA_B*08 HLA_B*08:01 HLA_B*13 HLA_B*13:01 HLA_B*13:02 HLA_B*14 HLA_B*14:01 HLA_B*14:02 HLA_B*14:03 HLA_B*15 HLA_B*15:01 HLA_B*15:02 HLA_B*15:03 HLA_B*15:04 HLA_B*15:05 HLA_B*15:07 HLA_B*15:08 HLA_B*15:10 HLA_B*15:11 HLA_B*15:12 HLA_B*15:15 HLA_B*15:16 HLA_B*15:17 HLA_B*15:18 HLA_B*15:24 HLA_B*15:25 HLA_B*15:27 HLA_B*15:30 HLA_B*15:37 HLA_B*18 HLA_B*18:01 HLA_B*18:02 HLA_B*18:03 HLA_B*18:10 HLA_B*27 HLA_B*27:02 HLA_B*27:03 HLA_B*27:04 HLA_B*27:05 HLA_B*27:06 HLA_B*27:07 HLA_B*35 HLA_B*35:01 HLA_B*35:02 HLA_B*35:03 HLA_B*35:04 HLA_B*35:05 HLA_B*35:08 HLA_B*35:10 HLA_B*35:11 HLA_B*35:12 HLA_B*35:14 HLA_B*35:17 HLA_B*35:43 HLA_B*37 HLA_B*37:01 HLA_B*38 HLA_B*38:01 HLA_B*38:02 HLA_B*38:09 HLA_B*39 HLA_B*39:01 HLA_B*39:02 HLA_B*39:04 HLA_B*39:05 HLA_B*39:06 HLA_B*39:08 HLA_B*39:10 HLA_B*39:11 HLA_B*39:24 HLA_B*40 HLA_B*40:01 HLA_B*40:02 HLA_B*40:03 HLA_B*40:04 HLA_B*40:06 HLA_B*40:08 HLA_B*40:12 HLA_B*40:16 HLA_B*40:27 HLA_B*41 HLA_B*41:01 HLA_B*41:02 HLA_B*41:03 HLA_B*42 HLA_B*42:01 HLA_B*42:02 HLA_B*44 HLA_B*44:02 HLA_B*44:03 HLA_B*44:04 HLA_B*44:05 HLA_B*44:10 HLA_B*44:18 HLA_B*45 HLA_B*45:01 HLA_B*46 HLA_B*46:01 HLA_B*47 HLA_B*47:01 HLA_B*47:03 HLA_B*48 HLA_B*48:01 HLA_B*48:02 HLA_B*48:03 HLA_B*48:04 HLA_B*49 HLA_B*49:01 HLA_B*50 HLA_B*50:01 HLA_B*50:02 HLA_B*51 HLA_B*51:01 HLA_B*51:02 HLA_B*51:05 HLA_B*51:06 HLA_B*51:07 HLA_B*51:08 HLA_B*51:09 HLA_B*52 HLA_B*52:01 HLA_B*53 HLA_B*53:01 HLA_B*54 HLA_B*54:01 HLA_B*55 HLA_B*55:01 HLA_B*55:02 HLA_B*56 HLA_B*56:01 HLA_B*56:03 HLA_B*57 HLA_B*57:01 HLA_B*57:02 HLA_B*57:03 HLA_B*57:04 HLA_B*58 HLA_B*58:01 HLA_B*58:02 HLA_B*59 HLA_B*59:01 HLA_B*67 HLA_B*67:01 HLA_B*73 HLA_B*73:01 HLA_B*78 HLA_B*78:01 HLA_B*81 HLA_B*81:01 HLA_B*82 HLA_B*82:01 HLA_B*82:02 AA_B_82_31324491_exon2_L AA_B_82_31324491_exon2_R AA_B_-21_31324925_exon1_M AA_B_-21_31324925_exon1_T AA_B_-21_31324925_exon1_x HLA_DRB1*01 HLA_DRB1*01:01 HLA_DRB1*01:02 HLA_DRB1*01:03 HLA_DRB1*01:33N HLA_DRB1*03 HLA_DRB1*03:01 HLA_DRB1*03:02 HLA_DRB1*04 HLA_DRB1*04:01 HLA_DRB1*04:02 HLA_DRB1*04:03 HLA_DRB1*04:04 HLA_DRB1*04:05 HLA_DRB1*04:06 HLA_DRB1*04:07 HLA_DRB1*04:08 HLA_DRB1*04:10 HLA_DRB1*04:11 HLA_DRB1*04:13 HLA_DRB1*04:81N HLA_DRB1*07 HLA_DRB1*07:01 HLA_DRB1*07:10N HLA_DRB1*08 HLA_DRB1*08:01 HLA_DRB1*08:02 HLA_DRB1*08:03 HLA_DRB1*08:04 HLA_DRB1*08:06 HLA_DRB1*08:09 HLA_DRB1*08:11 HLA_DRB1*09 HLA_DRB1*09:01 HLA_DRB1*10 HLA_DRB1*10:01 HLA_DRB1*11 HLA_DRB1*11:01 HLA_DRB1*11:02 HLA_DRB1*11:03 HLA_DRB1*11:04 HLA_DRB1*11:06 HLA_DRB1*11:10 HLA_DRB1*11:169N HLA_DRB1*11:17 HLA_DRB1*12 HLA_DRB1*12:01 HLA_DRB1*12:02 HLA_DRB1*13 HLA_DRB1*13:01 HLA_DRB1*13:02 HLA_DRB1*13:03 HLA_DRB1*13:04 HLA_DRB1*13:05 HLA_DRB1*13:07 HLA_DRB1*13:10 HLA_DRB1*13:113N HLA_DRB1*13:12 HLA_DRB1*13:16 HLA_DRB1*13:31 HLA_DRB1*14 HLA_DRB1*14:01 HLA_DRB1*14:02 HLA_DRB1*14:03 HLA_DRB1*14:04 HLA_DRB1*14:05 HLA_DRB1*14:06 HLA_DRB1*14:07 HLA_DRB1*14:54 HLA_DRB1*15 HLA_DRB1*15:01 HLA_DRB1*15:02 HLA_DRB1*15:03 HLA_DRB1*15:04 HLA_DRB1*15:06 HLA_DRB1*15:13 HLA_DRB1*16 HLA_DRB1*16:01 HLA_DRB1*16:02 HLA_DQA1*01 HLA_DQA1*01:01 HLA_DQA1*01:02 HLA_DQA1*01:03 HLA_DQA1*01:07Q HLA_DQA1*01:10 HLA_DQA1*02 HLA_DQA1*02:01 HLA_DQA1*03 HLA_DQA1*03:01 HLA_DQA1*04 HLA_DQA1*04:01 HLA_DQA1*05 HLA_DQA1*05:01 HLA_DQA1*06 HLA_DQA1*06:01 HLA_DQB1*02 HLA_DQB1*02:01 HLA_DQB1*02:02 HLA_DQB1*02:03 HLA_DQB1*02:05 HLA_DQB1*02:53Q HLA_DQB1*03 HLA_DQB1*03:01 HLA_DQB1*03:02 HLA_DQB1*03:03 HLA_DQB1*03:04 HLA_DQB1*03:05 HLA_DQB1*03:132 HLA_DQB1*03:23 HLA_DQB1*03:30 HLA_DQB1*03:69 HLA_DQB1*04 HLA_DQB1*04:01 HLA_DQB1*04:02 HLA_DQB1*05 HLA_DQB1*05:01 HLA_DQB1*05:02 HLA_DQB1*05:03 HLA_DQB1*05:04 HLA_DQB1*05:51 HLA_DQB1*06 HLA_DQB1*06:01 HLA_DQB1*06:02 HLA_DQB1*06:03 HLA_DQB1*06:04 HLA_DQB1*06:08 HLA_DQB1*06:09 HLA_DQB1*06:10 HLA_DQB1*06:11 HLA_DPA1*01 HLA_DPA1*01:03 HLA_DPA1*01:04 HLA_DPA1*01:06 HLA_DPA1*01:08 HLA_DPA1*01:11 HLA_DPA1*01:12 HLA_DPA1*01:13 HLA_DPA1*02 HLA_DPA1*02:01 HLA_DPA1*02:02 HLA_DPA1*02:03 HLA_DPA1*02:07 HLA_DPA1*03 HLA_DPA1*03:01 HLA_DPA1*03:02 HLA_DPA1*03:03 HLA_DPA1*04 HLA_DPA1*04:01 HLA_DPB1*01 HLA_DPB1*01:01 HLA_DPB1*02 HLA_DPB1*02:01 HLA_DPB1*02:02 HLA_DPB1*03 HLA_DPB1*03:01 HLA_DPB1*04 HLA_DPB1*04:01 HLA_DPB1*04:02 HLA_DPB1*05 HLA_DPB1*05:01 HLA_DPB1*06 HLA_DPB1*06:01 HLA_DPB1*09 HLA_DPB1*09:01 HLA_DPB1*10 HLA_DPB1*100 HLA_DPB1*100:01 HLA_DPB1*10:01 HLA_DPB1*11 HLA_DPB1*112 HLA_DPB1*112:01 HLA_DPB1*11:01 HLA_DPB1*13 HLA_DPB1*132 HLA_DPB1*132:01 HLA_DPB1*13:01 HLA_DPB1*14 HLA_DPB1*14:01 HLA_DPB1*15 HLA_DPB1*150 HLA_DPB1*150:01 HLA_DPB1*15:01 HLA_DPB1*16 HLA_DPB1*164 HLA_DPB1*164:01 HLA_DPB1*16:01 HLA_DPB1*17 HLA_DPB1*172 HLA_DPB1*172:01 HLA_DPB1*17:01 HLA_DPB1*18 HLA_DPB1*18:01 HLA_DPB1*19 HLA_DPB1*19:01 HLA_DPB1*20 HLA_DPB1*200 HLA_DPB1*200:01 HLA_DPB1*20:01 HLA_DPB1*21 HLA_DPB1*21:01 HLA_DPB1*23 HLA_DPB1*23:01 HLA_DPB1*26 HLA_DPB1*26:01 HLA_DPB1*28 HLA_DPB1*28:01 HLA_DPB1*29 HLA_DPB1*294 HLA_DPB1*294:01 HLA_DPB1*29:01 HLA_DPB1*30 HLA_DPB1*30:01 HLA_DPB1*31 HLA_DPB1*31:01 HLA_DPB1*333 HLA_DPB1*333:01 HLA_DPB1*369 HLA_DPB1*369:01 HLA_DPB1*387 HLA_DPB1*387:01 HLA_DPB1*39 HLA_DPB1*392 HLA_DPB1*392:01 HLA_DPB1*398 HLA_DPB1*398:01 HLA_DPB1*39:01 HLA_DPB1*40 HLA_DPB1*40:01 HLA_DPB1*41 HLA_DPB1*41:01 HLA_DPB1*442 HLA_DPB1*442:01 HLA_DPB1*45 HLA_DPB1*45:01 HLA_DPB1*46 HLA_DPB1*46:01 HLA_DPB1*47 HLA_DPB1*47:01 HLA_DPB1*51 HLA_DPB1*51:01 HLA_DPB1*55 HLA_DPB1*55:01 HLA_DPB1*65 HLA_DPB1*65:01 HLA_DPB1*80 HLA_DPB1*80:01 HLA_DPB1*81 HLA_DPB1*81:01 HLA_DPB1*85 HLA_DPB1*85:01
S1 0 0 0 0 1 1 0 0 0 0 0 0 0 0 0 0 0 0 0 0 0 0 0 0 0 1 1 0 0 0 0 0 0 0 0 0 0 0 0 0 0 0 0 0 0 0 0 0 0 0 0 0 0 0 0 0 0 0 0 0 0 0 0 0 0 0 0 0 0 0 0 0 0 0 0 0 0 0 0 0 0 0 0 0 0 0 0 0 0 0 0 0 0 0 0 0 0 0 0 0 0 0 0 0 0 0 0 0 0 0 0 1 0 1 0 0 0 0 0 0 0 0 0 0 0 0 0 0 0 0 0 0 0 0 0 0 0 0 0 0 0 0 0 0 0 0 0 0 0 0 0 0 0 0 0 1 1 0 0 0 0 0 0 0 2 0 0 0 0 0 0 0 0 0 0 0 0 0 0 1 1 0 0 0 0 0 0 0 0 0 0 0 0 0 0 0 0 0 0 0 0 0 0 0 0 0 0 0 0 0 0 0 0 0 0 0 0 0 0 0 0 0 0 0 0 0 0 0 0 0 0 0 0 0 0 0 0 0 0 0 0 0 0 0 0 0 0 0 0 0 0 0 0 0 0 0 0 0 0 0 0 0 0 0 0 0 0 0 0 0 0 0 0 0 0 0 0 0 0 0 0 0 0 0 0 0 0 0 0 0 0 0 0 0 0 0 0 0 0 0 0 0 0 0 0 0 0 0 0 0 0 0 0 0 0 0 0 0 0 0 0 0 0 2 0 2 0 0 0 0 0 0 0 0 0 1 1 0 0 0 0 0 0 0 0 0 0 0 0 0 0 0 0 0 0 0 0 0 0 0 0 0 0 0 0 0 0 0 0 0 0 0 0 0 0 1 1 0 0 0 0 0 0 0 0 0 0 0 0 0 0 0 0 0 0 0 0 0 0 0 0 0 0 0 0 0 1 0 0 1 0 0 0 0 1 1 0 0 0 0 0 0 0 0 0 0 0 0 1 0 1 0 0 0 0 0 0 0 0 0 0 0 0 0 0 0 0 1 0 0 1 0 0 0 0 0 2 2 0 0 0 0 0 0 0 0 0 0 0 0 0 0 0 0 0 0 0 0 0 0 1 1 1 1 0 0 0 0 0 0 0 0 0 0 0 0 0 0 0 0 0 0 0 0 0 0 0 0 0 0 0 0 0 0 0 0 0 0 0 0 0 0 0 0 0 0 0 0 0 0 0 0 0 0 0 0 0 0 0 0 0 0 0 0 0 0 0 0 0 0 0 0 0 0 0 0 0 0 0 0 0 0 0 0 0 0 0 0 0 0 0 0 0 0 0 0 0
S2 0 0 0 0 1 1 0 0 0 0 0 0 0 0 0 0 0 0 0 0 0 0 0 0 0 0 0 0 0 0 0 0 0 0 0 0 0 0 0 0 0 0 0 0 0 0 0 0 0 1 1 0 0 0 0 0 0 0 0 0 0 0 0 0 0 0 0 0 0 0 0 0 0 0 0 0 0 0 0 0 0 0 0 0 0 0 0 0 0 0 0 0 0 0 0 0 0 0 0 0 0 0 0 0 0 0 0 0 0 0 0 1 0 0 1 0 0 0 0 0 0 0 0 0 0 0 0 0 0 0 0 0 0 0 0 0 0 0 0 0 0 0 1 0 1 0 0 0 0 0 0 0 0 0 0 0 0 0 0 0 0 0 0 0 2 0 0 0 0 0 0 0 0 0 0 0 0 0 0 0 0 0 0 0 0 0 0 0 0 0 0 0 0 0 0 0 0 0 0 1 1 0 0 0 0 0 0 0 0 0 0 0 0 0 0 0 0 0 0 0 0 0 0 0 0 0 0 0 0 0 0 0 0 0 0 0 0 0 0 0 1 1 0 0 0 0 0 0 0 0 0 0 0 0 0 0 0 0 0 0 0 0 0 0 0 0 0 0 0 0 0 0 0 0 0 0 0 0 0 0 0 0 0 0 0 0 0 0 0 0 0 0 0 0 0 0 0 0 0 0 0 0 0 0 0 0 0 0 0 0 0 0 0 0 0 0 0 0 0 0 0 0 0 2 0 2 0 0 0 0 0 0 0 0 0 0 0 0 0 0 0 0 0 0 0 0 0 0 0 0 0 0 0 0 0 0 0 0 0 0 0 0 0 0 0 0 0 0 0 0 0 0 0 0 0 1 1 0 0 0 0 0 0 0 0 0 0 0 0 0 0 0 0 0 0 0 1 1 0 0 0 0 0 0 0 0 2 0 1 1 0 0 0 0 0 0 0 0 0 0 0 0 0 0 0 0 0 0 0 0 0 0 0 0 0 0 0 0 0 0 0 0 0 0 0 0 0 2 0 1 1 0 0 0 0 0 2 2 0 0 0 0 0 0 0 0 0 0 0 0 0 0 0 0 0 0 0 1 1 0 0 0 1 1 0 0 0 0 0 0 0 0 0 0 0 0 0 0 0 0 0 0 0 0 0 0 0 0 0 0 0 0 0 0 0 0 0 0 0 0 0 0 0 0 0 0 0 0 0 0 0 0 0 0 0 0 0 0 0 0 0 0 0 0 0 0 0 0 0 0 0 0 0 0 0 0 0 0 0 0 0 0 0 0 0 0 0 0 0 0 0 0 0 0 0 0 0
S3 0 0 0 0 0 0 0 0 0 0 0 0 0 0 0 0 0 0 0 0 0 0 0 0 0 0 0 0 0 0 1 1 0 0 0 0 0 0 0 0 0 0 0 0 0 0 0 0 0 0 0 0 0 0 0 0 0 0 0 0 0 0 0 0 0 0 0 0 0 0 0 0 0 0 0 1 0 1 0 0 0 0 0 0 0 0 0 0 0 0 0 0 0 0 0 0 0 0 0 0 0 0 0 0 0 0 0 0 0 0 0 1 0 0 1 0 0 0 0 0 0 0 0 0 0 0 0 0 0 1 0 1 0 0 0 0 0 0 0 0 0 0 0 0 0 0 0 0 0 0 0 0 0 0 0 0 0 0 0 0 0 0 0 0 2 1 1 0 0 0 0 0 0 0 0 0 0 0 0 0 0 0 0 0 0 0 0 0 0 0 0 0 0 0 0 0 0 0 0 0 0 0 0 0 0 0 0 0 0 0 0 0 0 0 0 0 0 0 0 0 0 0 0 0 0 0 0 0 0 0 0 0 0 0 0 0 0 0 0 0 1 1 0 0 0 0 0 0 0 0 0 0 0 0 0 0 0 0 0 0 0 0 0 0 0 0 0 0 0 0 0 0 0 0 0 0 0 0 0 0 0 0 0 0 0 0 0 0 0 0 0 0 0 0 0 0 0 0 0 0 0 0 0 0 0 0 0 0 0 0 0 0 0 0 0 0 0 0 0 0 0 0 0 2 1 1 0 0 0 0 0 0 0 0 0 0 0 0 0 0 0 0 0 0 0 0 0 0 0 0 0 0 0 0 0 0 0 0 0 0 0 0 0 1 1 0 0 0 0 0 0 0 0 0 0 0 0 0 0 0 0 0 0 0 0 0 0 1 0 0 0 1 0 0 0 0 0 0 0 0 0 0 0 0 0 0 1 1 0 0 0 0 0 0 0 0 0 0 1 1 0 0 0 0 0 0 0 0 1 1 0 0 0 0 0 0 0 0 0 0 0 1 0 0 1 0 0 0 0 0 0 0 0 0 0 0 0 0 0 0 0 0 0 0 2 2 0 0 0 0 0 0 0 0 0 0 0 0 0 0 0 0 0 0 0 0 0 0 0 1 1 0 0 0 0 0 0 0 0 0 0 0 0 0 0 0 0 0 0 0 0 0 0 0 0 0 0 0 0 0 0 0 0 0 0 0 0 0 0 1 1 0 0 0 0 0 0 0 0 0 0 0 0 0 0 0 0 0 0 0 0 0 0 0 0 0 0 0 0 0 0 0 0 0 0 0 0 0 0 0 0 0 0 0 0 0 0
S4 0 0 0 0 1 1 0 0 0 0 0 0 0 0 0 0 0 0 0 0 0 0 0 0 0 1 1 0 0 0 0 0 0 0 0 0 0 0 0 0 0 0 0 0 0 0 0 0 0 0 0 0 0 0 0 0 0 0 0 0 0 0 0 0 0 0 0 0 0 0 0 0 0 0 0 0 0 0 0 0 0 0 0 0 0 0 0 0 0 0 0 0 0 0 0 0 0 0 0 0 0 0 0 0 0 0 0 0 0 0 0 0 0 0 0 0 0 0 0 0 0 0 0 0 1 1 0 0 0 1 1 0 0 0 0 0 0 0 0 0 0 0 0 0 0 0 0 0 0 0 0 0 0 0 0 0 0 0 0 0 0 0 0 1 1 0 0 0 0 0 1 1 0 0 0 0 0 0 0 0 0 0 0 0 0 0 0 0 0 0 0 0 0 0 0 0 0 0 0 0 0 0 0 0 0 0 0 0 0 0 0 0 0 0 0 0 0 0 0 0 0 0 0 0 0 0 0 0 0 0 0 0 0 0 0 0 0 0 0 0 0 0 0 0 0 0 0 0 0 0 0 0 0 0 0 0 0 1 1 0 0 0 0 0 0 0 0 0 0 0 0 0 0 0 0 0 0 0 0 0 0 0 0 0 0 0 0 0 0 0 0 0 0 0 0 0 0 0 0 0 0 0 0 0 0 0 0 0 0 0 0 0 0 0 0 0 0 0 0 0 0 0 1 1 1 1 0 0 0 0 0 0 1 1 0 0 0 0 0 0 0 0 0 0 0 0 0 0 0 0 0 0 0 0 0 0 0 0 0 0 0 0 0 0 0 0 0 0 0 0 0 0 0 0 0 1 1 0 0 0 0 0 0 0 0 0 0 0 0 0 0 0 0 0 0 0 0 0 0 0 0 0 0 0 0 0 1 0 0 1 0 0 0 0 0 0 0 0 1 1 0 0 1 1 0 0 0 0 0 0 0 0 0 0 0 0 0 0 0 0 0 0 0 0 0 0 0 1 0 0 1 0 0 0 0 0 1 1 0 0 0 0 0 0 1 0 1 0 0 0 0 0 0 0 0 0 0 0 0 0 0 0 1 1 0 1 1 0 0 0 0 0 0 0 0 0 0 0 0 0 0 0 0 0 0 0 0 0 0 0 0 0 0 0 0 0 0 0 0 0 0 0 0 0 0 0 0 0 0 0 0 0 0 0 0 0 0 0 0 0 0 0 0 0 0 0 0 0 0 0 0 0 0 0 0 0 0 0 0 0 0 0 0 0 0 0 0 0 0 0 0 0 0 0 0 0 0
S5 1 1 0 0 0 0 0 0 0 0 0 0 0 0 0 0 0 0 0 0 0 0 0 0 0 0 0 0 0 0 0 0 0 0 0 0 0 0 0 0 0 0 0 0 0 0 0 0 0 0 0 0 0 0 0 0 0 0 0 0 0 0 0 0 0 0 0 1 1 0 0 0 0 0 0 0 0 0 0 0 0 0 0 0 0 0 0 0 0 0 0 0 0 0 0 0 0 0 0 0 0 0 0 0 0 0 0 0 0 0 0 0 0 0 0 0 0 0 0 0 0 0 0 0 0 0 0 1 1 1 0 1 0 0 0 0 0 0 0 0 0 0 0 0 0 0 0 0 0 0 0 0 0 0 0 0 0 0 0 0 0 0 0 1 1 0 0 0 0 0 1 1 0 0 0 0 0 0 0 0 0 0 0 0 0 0 0 0 0 0 0 0 0 0 0 0 0 0 0 0 0 0 0 0 0 0 0 0 0 0 0 0 0 0 0 0 0 0 0 0 0 0 0 0 1 1 0 0 0 0 0 0 0 0 0 0 0 0 0 0 0 0 0 0 0 0 0 0 0 0 0 0 0 0 0 0 0 0 0 0 0 0 0 0 0 0 0 0 0 0 0 0 0 0 0 0 0 0 0 0 0 0 0 0 0 0 0 0 0 0 0 0 0 0 0 0 0 0 0 0 0 0 0 0 0 0 0 0 0 0 0 0 0 0 0 0 0 0 0 0 0 0 1 1 1 1 0 0 0 0 0 0 1 1 0 0 0 0 0 0 0 0 0 0 0 0 0 0 0 0 0 0 0 0 0 0 0 0 0 0 0 1 1 0 0 0 0 0 0 0 0 0 0 0 0 0 0 0 0 0 0 0 0 0 0 0 0 0 0 0 0 0 0 0 0 0 0 0 0 0 0 0 0 0 0 0 1 1 0 0 0 0 0 0 0 0 0 0 1 1 0 0 1 1 0 0 0 0 0 0 0 0 0 0 0 0 0 0 0 0 0 1 1 0 0 0 0 0 0 0 0 0 0 0 0 0 1 1 0 0 0 0 0 0 0 0 0 0 0 0 0 0 0 1 1 0 0 1 1 0 0 0 0 0 0 0 0 0 0 0 0 0 0 0 0 0 0 0 0 1 0 0 1 0 0 0 0 0 0 0 0 0 0 0 0 0 0 0 0 0 0 0 0 0 0 0 0 0 0 0 0 0 0 0 0 0 0 0 0 0 0 0 0 0 0 0 0 0 0 0 0 0 0 0 0 0 0 0 0 0 0 0 0 0 0 0 0 0 0 0 0 0 0 0 0 0 0
S6 1 1 0 0 0 0 0 0 0 0 0 0 0 0 0 0 0 0 0 0 0 0 0 0 0 1 1 0 0 0 0 0 0 0 0 0 0 0 0 0 0 0 0 0 0 0 0 0 0 0 0 0 0 0 0 0 0 0 0 0 0 0 0 0 0 0 0 0 0 0 0 0 0 0 0 0 0 0 0 0 0 0 0 0 0 0 0 0 0 0 0 0 0 0 0 0 0 0 0 0 0 0 0 0 0 0 0 0 0 0 0 0 0 0 0 0 0 0 0 0 0 0 0 0 1 1 0 0 0 1 0 1 0 0 0 0 0 0 0 0 0 0 0 0 0 0 0 0 0 0 0 0 0 0 0 0 0 0 0 0 0 0 0 1 1 1 1 0 0 0 0 0 0 0 0 0 0 0 0 0 0 0 0 0 0 0 0 0 0 0 0 0 0 0 0 0 0 0 0 0 0 0 0 0 0 0 0 0 0 0 0 0 0 0 0 0 0 0 0 0 0 0 0 0 0 0 0 0 0 0 0 0 0 0 0 0 0 0 0 0 0 0 0 0 0 0 0 0 0 0 0 0 0 0 0 0 0 1 1 0 0 0 0 0 0 0 0 0 0 0 0 0 0 0 0 0 0 0 0 0 0 0 0 0 0 0 0 0 0 0 0 0 0 0 0 0 0 0 0 0 0 0 0 0 0 0 0 0 0 0 0 0 0 0 0 0 0 0 0 0 0 0 1 1 1 1 0 0 0 0 0 0 0 0 0 0 0 0 0 0 0 0 0 0 0 0 0 0 0 0 0 0 0 0 0 0 0 0 0 0 0 0 0 0 0 0 0 0 0 0 0 0 0 0 0 0 0 0 0 0 0 0 0 0 0 0 0 0 0 0 0 0 0 0 0 0 2 2 0 0 0 0 0 0 0 0 2 0 2 0 0 0 0 0 0 0 0 0 0 0 0 0 0 0 0 0 0 0 0 0 0 0 0 0 0 0 0 0 0 0 0 0 0 0 0 0 0 2 0 1 1 0 0 0 0 0 2 2 0 0 0 0 0 0 0 0 0 0 0 0 0 0 0 0 0 0 0 1 1 0 0 0 1 0 1 0 0 0 0 0 0 0 0 0 0 0 0 0 0 0 0 0 0 0 0 0 0 0 0 0 0 0 0 0 0 0 0 0 0 0 0 0 0 0 0 0 0 0 0 0 0 0 0 0 0 0 0 0 0 0 0 0 0 0 0 0 0 0 0 0 0 0 0 0 0 0 0 0 0 0 0 0 0 0 0 0 0 0 0 0 0 0 0 0 0 0 0
S7 1 1 0 0 0 0 0 0 0 0 0 0 0 0 0 0 0 0 0 0 0 0 0 0 0 0 0 0 0 0 0 0 0 0 0 0 0 0 0 0 0 0 0 0 0 0 0 0 0 0 0 0 0 0 0 0 0 0 0 0 0 0 0 0 0 0 0 1 1 0 0 0 0 0 0 0 0 0 0 0 0 0 0 0 0 0 0 0 0 0 0 0 0 0 0 0 0 0 0 0 0 0 0 0 0 0 0 0 0 0 0 0 0 0 0 0 0 0 0 0 0 0 0 0 1 1 0 0 0 1 0 0 1 0 0 0 0 0 0 0 0 0 0 0 0 0 0 0 0 0 0 0 0 0 0 0 0 0 0 0 0 0 0 1 1 0 0 0 0 0 0 0 0 0 0 0 0 0 0 0 0 0 0 0 0 0 0 0 0 0 0 0 0 0 0 0 0 0 0 1 1 0 0 0 0 0 0 0 0 0 0 0 0 0 0 0 0 0 0 0 0 0 0 0 0 0 0 0 0 0 0 0 0 0 0 0 0 0 0 0 0 0 0 0 0 0 0 0 0 0 0 0 0 0 0 0 0 1 1 0 0 0 0 0 0 0 0 0 0 0 0 0 0 0 0 0 0 0 0 0 0 0 0 0 0 0 0 0 0 0 0 0 0 0 0 0 0 0 0 0 0 0 0 0 0 0 0 0 0 0 0 0 0 0 0 0 0 0 0 0 0 0 1 1 0 2 0 0 0 0 0 0 1 1 0 0 0 0 0 0 0 0 0 0 0 0 0 0 0 0 0 0 0 0 0 0 0 0 0 0 0 0 0 1 1 0 0 0 0 0 0 0 0 0 0 0 0 0 0 0 0 0 0 0 0 0 0 0 0 0 0 0 0 0 0 0 0 0 0 0 0 0 0 0 0 0 0 0 0 0 0 0 0 0 0 0 0 0 2 2 0 0 1 1 0 0 0 0 1 1 0 0 0 0 0 0 0 0 0 0 0 0 0 0 0 0 0 0 0 0 0 0 0 0 0 0 1 1 0 0 0 0 0 0 1 1 0 0 0 0 0 0 0 0 0 0 0 1 1 0 0 0 0 0 0 0 0 0 0 0 0 0 0 0 0 0 0 0 0 0 0 0 0 0 0 0 0 0 0 1 0 0 1 0 0 0 0 0 0 0 0 0 0 0 0 0 0 0 0 0 0 0 0 0 0 0 0 0 0 0 0 0 0 0 0 0 0 0 0 0 0 0 0 0 0 0 0 0 0 0 0 0 0 0 0 0 0 0 0 0 0 0 0 0 0 0 0
S8 1 1 0 0 0 0 0 0 0 0 0 0 0 0 0 0 0 0 0 0 0 0 0 0 0 0 0 0 0 0 0 0 0 0 0 0 0 0 0 0 0 0 0 0 0 0 0 0 0 0 0 1 1 0 0 0 0 0 0 0 0 0 0 0 0 0 0 0 0 0 0 0 0 0 0 0 0 0 0 0 0 0 0 0 0 0 0 0 0 0 0 0 0 0 0 0 0 0 0 0 0 0 0 0 0 0 0 0 0 0 0 0 0 0 0 0 0 0 0 0 0 0 0 0 0 0 0 1 1 0 0 0 0 0 0 0 0 0 0 0 0 0 1 0 1 0 0 0 0 0 0 0 0 0 0 0 0 0 0 0 0 0 0 1 1 0 0 0 0 0 0 0 0 0 0 0 0 0 0 0 0 0 0 0 0 0 0 0 0 0 0 0 0 0 0 0 0 0 0 0 0 0 0 0 0 0 0 0 0 0 0 0 0 0 0 0 0 0 0 0 0 0 0 0 0 0 1 1 0 0 0 0 0 0 0 0 0 0 0 0 0 0 0 0 0 0 0 0 0 0 0 0 0 0 0 0 0 0 0 0 0 0 0 0 0 0 0 0 0 0 0 0 0 0 0 0 0 0 0 0 0 0 0 0 0 0 0 0 0 0 0 0 0 0 0 0 0 0 0 0 0 1 1 0 0 0 0 0 0 0 0 0 0 0 0 0 0 0 0 0 0 0 2 0 1 1 0 0 0 0 0 0 0 0 0 1 1 0 0 0 0 0 0 0 0 0 0 0 0 0 0 0 0 0 0 0 0 0 0 0 0 0 0 0 0 0 0 0 0 0 0 0 0 0 0 0 0 0 0 0 0 0 0 0 0 0 0 1 1 0 0 0 0 0 0 0 0 0 0 0 0 0 0 0 0 0 1 1 0 0 0 0 0 0 1 1 0 0 0 0 0 0 0 0 0 0 0 0 1 0 1 0 0 0 0 0 0 0 0 0 0 1 0 0 1 0 0 0 0 0 0 0 0 0 0 0 2 2 0 0 0 0 0 0 0 0 0 0 0 0 0 0 0 0 0 0 0 0 0 0 0 0 2 2 0 0 0 0 0 0 0 0 0 0 0 0 0 0 0 0 0 0 0 0 0 0 0 0 0 0 0 0 0 0 0 0 0 0 0 0 0 0 0 0 0 0 0 0 0 0 0 0 0 0 0 0 0 0 0 0 0 0 0 0 0 0 0 0 0 0 0 0 0 0 0 0 0 0 0 0 0 0 0 0 0 0 0 0 0 0 0 0 0 0 0 0 0
S9 0 0 0 0 1 1 0 0 0 0 0 0 0 0 0 0 0 0 0 0 0 0 0 0 0 0 0 0 0 0 0 0 0 0 0 0 0 0 0 0 0 0 0 0 0 0 0 0 0 0 0 1 1 0 0 0 0 0 0 0 0 0 0 0 0 0 0 0 0 0 0 0 0 0 0 0 0 0 0 0 0 0 0 0 0 0 0 0 0 0 0 0 0 0 0 0 0 0 0 0 0 0 0 0 1 1 0 0 0 0 0 0 0 0 0 0 0 0 0 0 0 0 0 0 0 0 0 0 0 1 0 1 0 0 0 0 0 0 0 0 0 0 0 0 0 0 0 0 0 0 0 0 0 0 0 0 0 0 0 0 0 0 0 0 2 1 1 0 0 0 0 0 0 0 0 0 0 0 0 0 0 0 0 0 0 0 0 0 0 0 0 0 0 0 0 0 0 0 0 0 0 0 0 0 1 0 0 0 1 0 0 0 0 0 0 0 0 0 0 0 0 0 0 0 0 0 0 0 0 0 0 0 0 0 0 0 0 0 0 0 0 0 0 0 0 0 0 0 0 0 0 0 0 0 0 0 0 0 0 0 0 0 0 0 0 0 0 0 0 0 0 0 0 0 0 0 0 0 0 0 0 0 0 0 0 0 0 0 0 0 0 0 0 0 0 0 0 0 0 0 0 0 0 0 0 0 0 0 0 0 0 0 0 0 0 0 0 0 0 0 0 0 1 1 1 1 0 2 2 0 0 0 0 0 0 0 0 0 0 0 0 0 0 0 0 0 0 0 0 0 0 0 0 0 0 0 0 0 0 0 0 0 0 0 0 0 0 0 0 0 0 0 0 0 0 0 0 0 0 0 0 0 0 0 0 0 0 0 0 0 0 0 0 0 0 0 0 0 0 0 0 0 0 0 0 0 2 2 0 0 0 0 0 0 0 0 0 0 0 0 0 0 0 0 0 0 0 0 0 0 0 0 0 0 0 0 0 0 0 0 0 2 2 0 0 0 0 0 0 0 0 0 0 0 0 0 2 2 0 0 0 0 0 0 0 0 0 0 0 0 0 0 0 0 0 0 0 1 1 0 0 0 1 1 0 0 0 0 0 0 0 0 0 0 0 0 0 0 0 0 0 0 0 0 0 0 0 0 0 0 0 0 0 0 0 0 0 0 0 0 0 0 0 0 0 0 0 0 0 0 0 0 0 0 0 0 0 0 0 0 0 0 0 0 0 0 0 0 0 0 0 0 0 0 0 0 0 0 0 0 0 0 0 0 0 0 0 0 0 0 0 0 0 0 0 0 0
S10 0 0 0 0 0 0 0 0 0 0 0 0 0 0 0 0 0 0 0 0 0 0 0 0 0 1 1 0 0 0 1 1 0 0 0 0 0 0 0 0 0 0 0 0 0 0 0 0 0 0 0 0 0 0 0 0 0 0 0 0 0 0 0 0 0 0 0 0 0 0 0 0 0 0 0 0 0 0 0 0 0 0 0 0 0 0 0 0 0 0 0 0 0 0 0 0 0 0 0 0 0 0 0 0 1 1 0 0 0 0 0 0 0 0 0 0 0 0 0 0 0 0 0 0 0 0 0 0 0 1 1 0 0 0 0 0 0 0 0 0 0 0 0 0 0 0 0 0 0 0 0 0 0 0 0 0 0 0 0 0 0 0 0 0 2 0 0 0 0 0 1 1 0 0 0 0 0 0 0 0 0 0 0 0 0 0 0 0 0 0 0 0 0 0 0 0 0 0 0 0 0 0 0 0 0 0 0 0 0 0 0 0 0 0 0 0 0 0 0 0 0 0 0 0 0 0 0 0 0 0 0 0 0 0 0 0 0 0 0 0 0 0 0 0 0 0 0 0 0 0 0 0 0 0 0 0 0 0 0 0 0 0 0 0 0 0 0 0 0 0 0 0 0 0 0 0 0 0 0 0 0 1 1 0 0 0 0 0 0 0 0 0 0 0 0 0 0 0 0 0 0 0 0 0 0 0 0 0 0 0 0 0 0 0 0 0 0 0 0 0 0 0 1 1 1 1 0 1 1 0 0 0 1 1 0 0 0 0 0 0 0 0 0 0 0 0 0 0 0 0 0 0 0 0 0 0 0 0 0 0 0 0 0 0 0 0 0 0 0 0 0 0 0 0 0 0 0 0 0 0 0 0 0 0 0 0 0 0 0 0 0 0 0 0 0 0 0 0 0 0 0 0 0 0 0 0 1 1 0 0 0 0 0 0 0 0 0 0 1 1 0 0 1 1 0 0 0 0 0 0 0 0 0 0 0 0 0 0 0 0 0 1 1 0 0 0 0 0 0 0 0 0 0 0 0 0 2 2 0 0 0 0 0 0 0 0 0 0 0 0 0 0 0 0 0 0 0 0 0 0 1 1 1 0 1 0 0 0 0 0 0 0 0 0 0 0 0 0 0 0 0 0 0 0 0 0 0 0 0 0 0 0 0 0 0 0 0 0 0 0 0 0 0 0 0 0 0 0 0 0 0 0 0 0 0 0 0 0 0 0 0 0 0 0 0 0 0 0 0 0 0 0 0 0 0 0 0 0 0 0 0 0 0 0 0 0 0 0 0 0 0 0 0 0 0 0 0
